EmployeeId,EmployeeSalary
0,62328
1,68645
2,73652
3,96823
4,67448
5,46888
6,2370
7,20494
8,70410
9,22705
10,98937
11,25591
12,11936
13,48012
14,75322
15,89672
16,93083
17,34221
18,49029
19,3299
20,68147
21,69682
22,80843
23,68540
24,30893
25,28274
26,55775
27,49915
28,57376
29,21830
30,57278
31,66052
32,17975
33,77274
34,98148
35,65072
36,73666
37,25696
38,88054
39,9693
40,27146
41,75088
42,37255
43,9016
44,8118
45,1038
46,18832
47,73156
48,33840
49,30401
50,37617
51,34150
52,997
53,11846
54,83028
55,71993
56,33034
57,64093
58,75139
59,8175
60,28252
61,67823
62,48566
63,80764
64,28296
65,20393
66,57135
67,94865
68,54125
69,3902
70,23784
71,50184
72,37091
73,26571
74,4819
75,83473
76,6457
77,85052
78,85350
79,27793
80,81510
81,60938
82,73641
83,82795
84,56352
85,8666
86,16115
87,10670
88,58530
89,13918
90,11858
91,20906
92,8836
93,1760
94,65757
95,83693
96,8971
97,51961
98,82739
99,16576
100,36141
Total time taken: 37.011239