EmployeeId,EmployeeSalary
0,42847
1,50682
2,36785
3,55102
4,63461
5,43628
6,16092
7,95471
8,38960
9,55099
10,30374
11,3026
12,79432
13,65318
14,37472
15,64208
16,63492
17,50685
18,19748
19,36192
20,233
21,38655
22,29256
23,82437
24,81362
25,92107
26,16639
27,16246
28,48994
29,25065
30,29225
31,80215
32,22261
33,57610
34,39313
35,65741
36,84190
37,89383
38,29731
39,68651
40,29233
41,8306
42,20496
43,84535
44,11378
45,53957
46,67769
47,70499
48,12951
49,23521
50,4289
51,38837
52,75024
53,42286
54,19072
55,2507
56,91753
57,20399
58,93412
59,62331
60,73034
61,82892
62,20081
63,11446
64,22547
65,90971
66,33101
67,33858
68,61537
69,69134
70,66601
71,90793
72,52630
73,14885
74,42977
75,21087
76,42517
77,95659
78,62970
79,30007
80,47521
81,31009
82,33230
83,4634
84,51865
85,17206
86,20585
87,73365
88,74878
89,76102
90,66438
91,22095
92,90432
93,444
94,29598
95,90290
96,49580
97,23761
98,51345
99,96423
100,65656
101,64578
102,52611
103,84152
104,70045
105,81847
106,79939
107,38127
108,36347
109,31398
110,14211
111,91470
112,876
113,31589
114,44145
115,35724
116,78203
117,30489
118,85160
119,48483
120,81895
121,16576
122,93465
123,73912
124,12643
125,30303
126,85068
127,27036
128,68663
129,14830
130,19904
131,43914
132,66526
133,90788
134,52394
135,66743
136,34544
137,52177
138,81486
139,35437
140,55334
141,58298
142,55575
143,55364
144,89410
145,40108
146,717
147,24716
148,7413
149,48454
150,44140
151,34365
152,95048
153,46333
154,99302
155,98077
156,71823
157,87696
158,63618
159,31612
160,82365
161,31237
162,55449
163,75492
164,77407
165,9199
166,83075
167,48137
168,446
169,8445
170,95099
171,23557
172,35625
173,23873
174,9108
175,50954
176,52574
177,12684
178,53390
179,72367
180,4755
181,12147
182,85122
183,48850
184,99253
185,83154
186,67702
187,75732
188,58033
189,7234
190,99722
191,53133
192,33351
193,95623
194,88606
195,79179
196,23299
197,65592
198,53041
199,50264
200,57407
201,1422
202,20033
203,85211
204,86747
205,45265
206,54845
207,38346
208,18204
209,56567
210,25007
211,30258
212,78332
213,37833
214,53226
215,4409
216,78673
217,49203
218,58268
219,12791
220,81446
221,24650
222,17726
223,44457
224,32212
225,58568
226,12100
227,37033
228,34398
229,53088
230,25709
231,53212
232,89496
233,3689
234,86707
235,61736
236,16321
237,53482
238,25823
239,35536
240,92856
241,65007
242,21459
243,68468
244,35048
245,42486
246,77361
247,16450
248,38308
249,87135
250,48336
251,88869
252,59557
253,83537
254,89365
255,51731
256,10302
257,95956
258,53896
259,55323
260,64552
261,135
262,8298
263,66031
264,59286
265,88257
266,61102
267,64505
268,79767
269,62636
270,28104
271,70462
272,77138
273,77115
274,67328
275,68249
276,61560
277,94273
278,21495
279,36612
280,50570
281,1216
282,99880
283,31203
284,29386
285,67085
286,16283
287,28946
288,97565
289,31338
290,75353
291,19705
292,34720
293,83492
294,65596
295,22531
296,16928
297,32174
298,74155
299,11352
300,55010
301,64183
302,85795
303,58053
304,6039
305,62724
306,66530
307,39705
308,30242
309,88045
310,60930
311,11076
312,26872
313,23431
314,51399
315,13582
316,84690
317,54823
318,37555
319,77485
320,25368
321,83296
322,94358
323,75398
324,1427
325,66224
326,58733
327,2083
328,34237
329,45141
330,76153
331,88003
332,42186
333,46158
334,11066
335,2283
336,14263
337,32254
338,87962
339,64466
340,30137
341,45825
342,83565
343,63855
344,14203
345,4600
346,34815
347,80272
348,38164
349,4354
350,62199
351,10672
352,54337
353,37806
354,33478
355,32361
356,50224
357,60685
358,8945
359,75420
360,63774
361,23124
362,16127
363,34493
364,88353
365,37415
366,99168
367,23219
368,26564
369,71578
370,76145
371,63363
372,22915
373,42297
374,16169
375,5103
376,16714
377,30491
378,17367
379,94938
380,8653
381,58094
382,26707
383,43329
384,27184
385,45601
386,93099
387,95467
388,14141
389,16508
390,86349
391,75440
392,22928
393,26970
394,46246
395,56601
396,37195
397,76868
398,48457
399,9070
400,73071
401,1880
402,86869
403,89103
404,23832
405,55291
406,75648
407,64411
408,42302
409,62931
410,68505
411,14576
412,33356
413,75011
414,77553
415,6320
416,46542
417,44535
418,49577
419,19678
420,17149
421,33594
422,23712
423,93004
424,2995
425,86019
426,51216
427,62269
428,3729
429,7724
430,5411
431,93245
432,29628
433,64524
434,47839
435,43949
436,7685
437,41274
438,45318
439,49110
440,74185
441,5923
442,51786
443,88433
444,5036
445,87363
446,78721
447,86107
448,77795
449,6945
450,78375
451,90225
452,42610
453,100
454,55215
455,97738
456,3264
457,26714
458,2668
459,23033
460,74012
461,96726
462,34647
463,56396
464,83119
465,30912
466,44315
467,22393
468,39770
469,35841
470,76172
471,27570
472,67492
473,96758
474,41767
475,81937
476,34224
477,82436
478,44220
479,89297
480,76912
481,12014
482,2213
483,27778
484,26743
485,55427
486,80229
487,83832
488,90097
489,26219
490,38557
491,60443
492,29852
493,78388
494,13946
495,53474
496,21805
497,37350
498,29762
499,78829
500,31840
501,79195
502,13150
503,37503
504,70839
505,22126
506,65898
507,25620
508,36426
509,9282
510,95605
511,32195
512,43279
513,43138
514,64212
515,18627
516,77072
517,78207
518,52081
519,40845
520,81013
521,91030
522,67555
523,57494
524,98508
525,24234
526,54267
527,65775
528,50654
529,44912
530,61492
531,20234
532,23058
533,66645
534,46410
535,19263
536,72917
537,59231
538,71421
539,89046
540,44334
541,10459
542,44497
543,55353
544,97529
545,10285
546,26035
547,69855
548,15891
549,99293
550,91826
551,49500
552,53766
553,60588
554,98446
555,95049
556,27404
557,37040
558,44772
559,77996
560,31673
561,24301
562,61308
563,23842
564,85959
565,24087
566,87594
567,74146
568,74066
569,41905
570,17262
571,79733
572,45029
573,78767
574,101
575,63125
576,84375
577,97358
578,91037
579,89514
580,48715
581,39748
582,27014
583,2490
584,80431
585,35895
586,94520
587,13267
588,83829
589,70065
590,22841
591,80282
592,49241
593,65714
594,1148
595,79816
596,57403
597,8495
598,71102
599,47690
600,82864
601,51722
602,90924
603,67084
604,42188
605,38987
606,1727
607,88211
608,445
609,34564
610,52402
611,91800
612,57739
613,73831
614,55460
615,50276
616,86484
617,33123
618,52969
619,98024
620,79653
621,71296
622,69093
623,95278
624,438
625,13705
626,13734
627,58931
628,94537
629,33411
630,80358
631,37978
632,37708
633,34107
634,50384
635,31310
636,43295
637,54619
638,76309
639,81214
640,47107
641,95771
642,66297
643,27232
644,20298
645,16987
646,34015
647,71888
648,34885
649,62230
650,9277
651,92346
652,21024
653,52683
654,27407
655,30182
656,10383
657,27048
658,28210
659,5243
660,55746
661,19430
662,99082
663,28940
664,53391
665,39453
666,90986
667,37354
668,71845
669,59623
670,20924
671,25186
672,8309
673,20873
674,50008
675,37824
676,52319
677,38833
678,92334
679,70728
680,35160
681,30573
682,66623
683,32828
684,83083
685,84378
686,49938
687,53791
688,72558
689,63600
690,30792
691,53769
692,6614
693,69690
694,87558
695,48647
696,92690
697,89235
698,37337
699,33821
700,4549
701,15155
702,10312
703,75184
704,53406
705,63156
706,5089
707,37264
708,76782
709,1151
710,71647
711,95366
712,77482
713,71521
714,50266
715,11064
716,9666
717,13975
718,67141
719,98555
720,14150
721,90165
722,50408
723,73160
724,50880
725,70360
726,83902
727,52621
728,62946
729,67120
730,60201
731,76901
732,33546
733,91302
734,29397
735,22814
736,64993
737,61658
738,65506
739,16086
740,17174
741,20870
742,88527
743,85346
744,91754
745,98069
746,86946
747,60070
748,38016
749,10742
750,82787
751,87628
752,86371
753,17357
754,69348
755,33379
756,86395
757,16130
758,30337
759,32128
760,37645
761,35082
762,18391
763,79294
764,53606
765,73827
766,30804
767,85790
768,91739
769,38535
770,70781
771,71851
772,15949
773,58060
774,23661
775,41985
776,31690
777,81449
778,9277
779,65714
780,48483
781,34869
782,93986
783,86918
784,79803
785,59462
786,58902
787,98376
788,86079
789,60696
790,24456
791,47482
792,3000
793,74516
794,25669
795,84139
796,74340
797,95903
798,17379
799,22477
800,26216
801,21420
802,64136
803,64317
804,77982
805,28916
806,35617
807,24170
808,83898
809,54746
810,85138
811,3135
812,39239
813,31698
814,36202
815,82137
816,64717
817,19303
818,40011
819,43764
820,3878
821,92249
822,95496
823,86349
824,29535
825,52351
826,42635
827,63935
828,57405
829,94852
830,49711
831,71447
832,7732
833,90791
834,15639
835,95618
836,39030
837,43750
838,99618
839,69166
840,1964
841,41510
842,72075
843,98177
844,25978
845,50965
846,53275
847,80852
848,56418
849,98104
850,68905
851,99492
852,5721
853,33967
854,5606
855,47040
856,68665
857,12161
858,93624
859,44474
860,78711
861,93885
862,78647
863,16026
864,50167
865,52333
866,70348
867,15442
868,59184
869,69975
870,71306
871,38410
872,65527
873,9370
874,96688
875,13808
876,66627
877,91038
878,92442
879,39539
880,5565
881,30350
882,47754
883,17527
884,25478
885,69497
886,76116
887,46819
888,74279
889,90282
890,8602
891,53758
892,15629
893,8836
894,2817
895,73849
896,94797
897,34299
898,21453
899,51200
900,41329
901,20097
902,75516
903,88317
904,64372
905,48646
906,59029
907,61548
908,11054
909,68155
910,24354
911,15627
912,13512
913,43655
914,60309
915,64523
916,45915
917,93451
918,38807
919,55201
920,49322
921,56922
922,90056
923,95932
924,59198
925,79905
926,51149
927,11407
928,88134
929,9876
930,8425
931,63210
932,74604
933,64702
934,20045
935,66077
936,7500
937,75962
938,61996
939,37897
940,75772
941,10662
942,88098
943,44558
944,72635
945,43620
946,32545
947,39501
948,4653
949,86887
950,12183
951,52252
952,17377
953,82275
954,4894
955,50205
956,51331
957,28394
958,90391
959,83599
960,84753
961,44547
962,40158
963,24865
964,2851
965,70444
966,34417
967,30457
968,57220
969,62863
970,65730
971,85757
972,43645
973,78252
974,61212
975,41828
976,31667
977,23699
978,18310
979,16524
980,25123
981,17800
982,2734
983,11891
984,19247
985,27638
986,1336
987,94781
988,47024
989,38446
990,57630
991,98285
992,75126
993,68454
994,43114
995,27815
996,18080
997,63033
998,33660
999,97602
1000,88226
Total time taken: 31.018198